1
1
1
1
1
1
1
2
2
2
2
2
3
3
3
3
3
3
4
4
4
4
4
5
5
5
##################
1
1
1
1
1
2
2
2
2
2
2
2
2
2
3
3
4
4
4
4
4
4
4
4
5
5
5
###############

(25,26)
(24,25)
(24,24)
(24,23)
(24,22)
(24,21)
(24,20)
(24,19)
(24,18)
(24,17)
(24,16)
(24,15)
(24,14)
(24,13)
(24,12)
(24,11)
(24,10)
(24,9)
(24,8)
(24,7)
(24,6)
(24,5)
(24,4)
(24,3)
(24,2)
(24,1)
(24,0)
(23,0)
(22,0)
(21,0)
(20,0)
(19,0)
(18,0)
(17,0)
(16,0)
(15,0)
(14,0)
(13,0)
(12,0)
(11,0)
(10,0)
(9,0)
(8,0)
(7,0)
(6,0)
(5,0)
(4,0)
(3,0)
(2,0)
(1,0)
(0,0)
